1 2 3 4 1 3 2 4

1 -> 000
2 -> 001
3 -> 010
4 -> 011


1 | 2 3 4 1 3 2 4
000


1 2 | 3 4 1 3 2 4
000 001

1 2 -> 100


1 2 3 | 4 1 3 2 4
000 001 010

2 3 -> 101


1 2 3 4 | 1 3 2 4
000 001 010 011

3 4 -> 110


1 2 3 4 1 | 3 2 4

000 001 010 011 000

4 1 -> 111


1 2 3 4 1 3 | 2 4

000 001 010 011 000 0010

1 3 -> 1000


1 2 3 4 1 3 2 | 4

000 001 010 011 000 0010 0001

3 2 -> 1001


1 2 3 4 1 3 2 4 |

000 001 010 011 000 0010 0001 0011

2 4 -> 1010





000 001 010 011 000 010 001 011

1 -> 000
2 -> 001
3 -> 010
4 -> 011


000 | 001 010 011 000 010 001 011

1

000 001 | 010 011 000 010 001 011

1 2

1 2 -> 100

000 001 010 | 011 000 010 001 011

1 2 3

2 3 -> 101

000 001 010 011 | 000 010 001 011

1 2 3 4

3 4 -> 110

000 001 010 011 000 | 010 001 011

1 2 3 4 1

4 1 -> 111

000 001 010 011 000 (010 0) | 01 011

1 2 3 4 1 1 2

1 1 -> 1000

000 001 010 011 000 0100  (0101) | 1

1 2 3 4 1 1 2 2 3

1 2 2 -> 1001

11 ?? not sufficient bits afterwards

